# Branch core roots (LEAF_OWNED_PCT=79%)
2
79
88
96
97
29648
29649
50760
50761
85341
85342
86850
86851
116693
116694
126886
126887
153551
153554
153555
173050
173051
195488
197293
197294
197295
240423
240425
240426
240427
264451
264453
264454
264455
322195
322196
322197
364753
364754
364755
405678
426636
426637
450608
450609
479131
479132
479139
479141
479145
479146
479147
515282
515283
567342
567354
567355
588747
588751
588752
608594
608595
640278
651514
651515
672245
672246
672247
694445
694447
694448
694449
743615
743616
743617
776600
794794
799280
799281
817175
817179
817180
817181
855640
855641
878452
878453
919274
919275
941648
955460
965644
965645
985042
1000082
1000083
1022394
1022395
1054870
1054871
1076474
1090402
1090403
1113740
1113741
1138187
1138188
1138189
1170360
1170361
1197361
1197362
1197363
1228994
1237234
1237235
1255944
1255945
1279040
1279041
1304844
1313796
1313797
1331422
1331423
1353852
1353853
1388442
1388443
1411998
1412548
1414105
1414106
1414107
1434437
1434438
1439112
1439113
1461119
1461120
1461121
1496944
1496945
1528674
1532114
1532115
1553934
1553935
1576958
1586538
1595234
1600271
1600272
1600273
1626381
1626382
1626383
1661300
1661301
1681779
1681781
1681785
1681786
1681787
1699294
1700256
1700257
1749803
1749807
1749808
1749809
1783888
1783889
